1441 14 0.45 11/1998
1242 57 1.33 10/2004
1770 50 1.63 11/2003
1856 23 2.48 4/2002
1315 88 0.89 5/2005
1181 54 2.9 4/1999
1046 27 1.53 3/1998
1726 92 0.16 4/2000
1998 65 0.79 10/2000
1271 44 2.42 2/2001
1137 3 0.44 8/2002
1595 62 2.84 3/2005
1461 28 0.25 1/2000
1327 93 2.88 9/2001
1599 73 1.51 1/2000
1872 45 0.14 2/2002
1144 11 0.76 8/2002
1417 84 2.39 1/2004
1876 49 0.41 1/2005
1148 22 2.43 12/1998
1014 94 1.06 7/1999
1286 60 0.07 1/2000
1559 26 0.7 6/2001
1425 91 1.72 12/2004
1883 57 2.12 6/2004
1749 23 0.14 11/1999
1022 88 0.77 5/2000
1701 75 0.01 11/1998
1588 44 2.46 5/2003
1043 16 2.7 9/2004
1908 82 1.71 3/2005
1181 55 0.34 3/1998
1454 20 0.97 9/2000
1319 93 0.99 10/2001
1999 79 2.84 8/2000
1678 52 1.47 9/1999
1951 24 0.1 9/2000
1700 73 0.47 10/1998
1972 46 2.1 11/1998
1652 18 2.34 3/1998
1517 91 1.36 4/1998
1790 63 1.99 4/2000
1249 22 2.39 3/2002
1521 88 0.02 9/2003
1980 54 2.42 2/1998
1846 12 0.44 1/2000
1711 85 2.46 2/2001
1577 44 1.47 12/2003
1850 23 1.1 7/2002
1529 3 0.34 7/2002