 0   200.000
  1   203.490
  2   206.980
  3   210.467
  4   213.951
  5   217.431
  6   220.906
  7   224.374
  8   227.835
  9   231.287
 10   234.730
 11   238.162
 12   241.582
 13   244.990
 14   248.384
 15   251.764
 16   255.127
 17   258.474
 18   261.803
 19   265.114
 20   268.404
 21   271.674
 22   274.921
 23   278.146
 24   281.347
 25   284.524
 26   287.674
 27   290.798
 28   293.894
 29   296.962
 30   300.000
 31   303.008
 32   305.984
 33   308.928
 34   311.839
 35   314.715
 36   317.557
 37   320.363
 38   323.132
 39   325.864
 40   328.558
 41   331.212
 42   333.826
 43   336.400
 44   338.932
 45   341.421
 46   343.868
 47   346.271
 48   348.629
 49   350.942
 50   353.209
 51   355.429
 52   357.602
 53   359.727
 54   361.803
 55   363.830
 56   365.808
 57   367.734
 58   369.610
 59   371.433
 60   373.205
 61   374.924
 62   376.590
 63   378.201
 64   379.759
 65   381.262
 66   382.709
 67   384.101
 68   385.437
 69   386.716
 70   387.939
 71   389.104
 72   390.211
 73   391.261
 74   392.252
 75   393.185
 76   394.059
 77   394.874
 78   395.630
 79   396.325
 80   396.962
 81   397.538
 82   398.054
 83   398.509
 84   398.904
 85   399.239
 86   399.513
 87   399.726
 88   399.878
 89   399.970
 90   400.000
 91   399.970
 92   399.878
 93   399.726
 94   399.513
 95   399.239
 96   398.904
 97   398.509
 98   398.054
 99   397.538
100   396.962
101   396.325
102   395.630
103   394.874
104   394.059
105   393.185
106   392.252
107   391.261
108   390.211
109   389.104
110   387.939
111   386.716
112   385.437
113   384.101
114   382.709
115   381.262
116   379.759
117   378.201
118   376.590
119   374.924
120   373.205
121   371.433
122   369.610
123   367.734
124   365.808
125   363.830
126   361.803
127   359.727
128   357.602
129   355.429
130   353.209
131   350.942
132   348.629
133   346.271
134   343.868
135   341.421
136   338.932
137   336.400
138   333.826
139   331.212
140   328.558
141   325.864
142   323.132
143   320.363
144   317.557
145   314.715
146   311.839
147   308.928
148   305.984
149   303.008
150   300.000
151   296.962
152   293.894
153   290.798
154   287.674
155   284.524
156   281.347
157   278.146
158   274.921
159   271.674
160   268.404
161   265.114
162   261.803
163   258.474
164   255.127
165   251.764
166   248.384
167   244.990
168   241.582
169   238.162
170   234.730
171   231.287
172   227.835
173   224.374
174   220.906
175   217.431
176   213.951
177   210.467
178   206.980
179   203.490
180   200.000
181   196.510
182   193.020
183   189.533
184   186.049
185   182.569
186   179.094
187   175.626
188   172.165
189   168.713
190   165.270
191   161.838
192   158.418
193   155.010
194   151.616
195   148.236
196   144.873
197   141.526
198   138.197
199   134.886
200   131.596
201   128.326
202   125.079
203   121.854
204   118.653
205   115.476
206   112.326
207   109.202
208   106.106
209   103.038
210   100.000
211    96.992
212    94.016
213    91.072
214    88.161
215    85.285
216    82.443
217    79.637
218    76.868
219    74.136
220    71.442
221    68.788
222    66.174
223    63.600
224    61.068
225    58.579
226    56.132
227    53.729
228    51.371
229    49.058
230    46.791
231    44.571
232    42.398
233    40.273
234    38.197
235    36.170
236    34.192
237    32.266
238    30.390
239    28.567
240    26.795
241    25.076
242    23.410
243    21.799
244    20.241
245    18.738
246    17.291
247    15.899
248    14.563
249    13.284
250    12.061
251    10.896
252     9.789
253     8.739
254     7.748
255     6.815
256     5.941
257     5.126
258     4.370
259     3.675
260     3.038
261     2.462
262     1.946
263     1.491
264     1.096
265     0.761
266     0.487
267     0.274
268     0.122
269     0.030
270     0.000
271     0.030
272     0.122
273     0.274
274     0.487
275     0.761
276     1.096
277     1.491
278     1.946
279     2.462
280     3.038
281     3.675
282     4.370
283     5.126
284     5.941
285     6.815
286     7.748
287     8.739
288     9.789
289    10.896
290    12.061
291    13.284
292    14.563
293    15.899
294    17.291
295    18.738
296    20.241
297    21.799
298    23.410
299    25.076
300    26.795
301    28.567
302    30.390
303    32.266
304    34.192
305    36.170
306    38.197
307    40.273
308    42.398
309    44.571
310    46.791
311    49.058
312    51.371
313    53.729
314    56.132
315    58.579
316    61.068
317    63.600
318    66.174
319    68.788
320    71.442
321    74.136
322    76.868
323    79.637
324    82.443
325    85.285
326    88.161
327    91.072
328    94.016
329    96.992
330   100.000
331   103.038
332   106.106
333   109.202
334   112.326
335   115.476
336   118.653
337   121.854
338   125.079
339   128.326
340   131.596
341   134.886
342   138.197
343   141.526
344   144.873
345   148.236
346   151.616
347   155.010
348   158.418
349   161.838
350   165.270
351   168.713
352   172.165
353   175.626
354   179.094
355   182.569
356   186.049
357   189.533
358   193.020
359   196.510
360   200.000
361   203.490
362   206.980
363   210.467
364   213.951
365   217.431
366   220.906
367   224.374
368   227.835
369   231.287
370   234.730
371   238.162
372   241.582
373   244.990
374   248.384
375   251.764
376   255.127
377   258.474
378   261.803
379   265.114
380   268.404
381   271.674
382   274.921
383   278.146
384   281.347
385   284.524
386   287.674
387   290.798
388   293.894
389   296.962
390   300.000
391   303.008
392   305.984
393   308.928
394   311.839
395   314.715
396   317.557
397   320.363
398   323.132
399   325.864
400   328.558
401   331.212
402   333.826
403   336.400
404   338.932
405   341.421
406   343.868
407   346.271
408   348.629
409   350.942
410   353.209
411   355.429
412   357.602
413   359.727
414   361.803
415   363.830
416   365.808
417   367.734
418   369.610
419   371.433
420   373.205
421   374.924
422   376.590
423   378.201
424   379.759
425   381.262
426   382.709
427   384.101
428   385.437
429   386.716
430   387.939
431   389.104
432   390.211
433   391.261
434   392.252
435   393.185
436   394.059
437   394.874
438   395.630
439   396.325
440   396.962
441   397.538
442   398.054
443   398.509
444   398.904
445   399.239
446   399.513
447   399.726
448   399.878
449   399.970
450   400.000
451   399.970
452   399.878
453   399.726
454   399.513
455   399.239
456   398.904
457   398.509
458   398.054
459   397.538
460   396.962
461   396.325
462   395.630
463   394.874
464   394.059
465   393.185
466   392.252
467   391.261
468   390.211
469   389.104
470   387.939
471   386.716
472   385.437
473   384.101
474   382.709
475   381.262
476   379.759
477   378.201
478   376.590
479   374.924
480   373.205
481   371.433
482   369.610
483   367.734
484   365.808
485   363.830
486   361.803
487   359.727
488   357.602
489   355.429
490   353.209
491   350.942
492   348.629
493   346.271
494   343.868
495   341.421
496   338.932
497   336.400
498   333.826
499   331.212
500   328.558
501   325.864
502   323.132
503   320.363
504   317.557
505   314.715
506   311.839
507   308.928
508   305.984
509   303.008
510   300.000
511   296.962
512   293.894
513   290.798
514   287.674
515   284.524
516   281.347
517   278.146
518   274.921
519   271.674
520   268.404
521   265.114
522   261.803
523   258.474
524   255.127
525   251.764
526   248.384
527   244.990
528   241.582
529   238.162
530   234.730
531   231.287
532   227.835
533   224.374
534   220.906
535   217.431
536   213.951
537   210.467
538   206.980
539   203.490
540   200.000
541   196.510
542   193.020
543   189.533
544   186.049
545   182.569
546   179.094
547   175.626
548   172.165
549   168.713
550   165.270
551   161.838
552   158.418
553   155.010
554   151.616
555   148.236
556   144.873
557   141.526
558   138.197
559   134.886
560   131.596
561   128.326
562   125.079
563   121.854
564   118.653
565   115.476
566   112.326
567   109.202
568   106.106
569   103.038
570   100.000
571    96.992
572    94.016
573    91.072
574    88.161
575    85.285
576    82.443
577    79.637
578    76.868
579    74.136
580    71.442
581    68.788
582    66.174
583    63.600
584    61.068
585    58.579
586    56.132
587    53.729
588    51.371
589    49.058
590    46.791
591    44.571
592    42.398
593    40.273
594    38.197
595    36.170
596    34.192
597    32.266
598    30.390
599    28.567
600    26.795
601    25.076
602    23.410
603    21.799
604    20.241
605    18.738
606    17.291
607    15.899
608    14.563
609    13.284
610    12.061
611    10.896
612     9.789
613     8.739
614     7.748
615     6.815
616     5.941
617     5.126
618     4.370
619     3.675
620     3.038
621     2.462
622     1.946
623     1.491
624     1.096
625     0.761
626     0.487
627     0.274
628     0.122
629     0.030
630     0.000
631     0.030
632     0.122
633     0.274
634     0.487
635     0.761
636     1.096
637     1.491
638     1.946
639     2.462
640     3.038
641     3.675
642     4.370
643     5.126
644     5.941
645     6.815
646     7.748
647     8.739
648     9.789
649    10.896
650    12.061
651    13.284
652    14.563
653    15.899
654    17.291
655    18.738
656    20.241
657    21.799
658    23.410
659    25.076
660    26.795
661    28.567
662    30.390
663    32.266
664    34.192
665    36.170
666    38.197
667    40.273
668    42.398
669    44.571
670    46.791
671    49.058
672    51.371
673    53.729
674    56.132
675    58.579
676    61.068
677    63.600
678    66.174
679    68.788
680    71.442
681    74.136
682    76.868
683    79.637
684    82.443
685    85.285
686    88.161
687    91.072
688    94.016
689    96.992
690   100.000
691   103.038
692   106.106
693   109.202
694   112.326
695   115.476
696   118.653
697   121.854
698   125.079
699   128.326
700   131.596
701   134.886
702   138.197
703   141.526
704   144.873
705   148.236
706   151.616
707   155.010
708   158.418
709   161.838
710   165.270
711   168.713
712   172.165
713   175.626
714   179.094
715   182.569
716   186.049
717   189.533
718   193.020
719   196.510