  0      400.000
  1      399.970
  2      399.878
  3      399.726
  4      399.513
  5      399.239
  6      398.904
  7      398.509
  8      398.054
  9      397.538
 10      396.962
 11      396.325
 12      395.630
 13      394.874
 14      394.059
 15      393.185
 16      392.252
 17      391.261
 18      390.211
 19      389.104
 20      387.939
 21      386.716
 22      385.437
 23      384.101
 24      382.709
 25      381.262
 26      379.759
 27      378.201
 28      376.590
 29      374.924
 30      373.205
 31      371.433
 32      369.610
 33      367.734
 34      365.808
 35      363.830
 36      361.803
 37      359.727
 38      357.602
 39      355.429
 40      353.209
 41      350.942
 42      348.629
 43      346.271
 44      343.868
 45      341.421
 46      338.932
 47      336.400
 48      333.826
 49      331.212
 50      328.558
 51      325.864
 52      323.132
 53      320.363
 54      317.557
 55      314.715
 56      311.839
 57      308.928
 58      305.984
 59      303.008
 60      300.000
 61      296.962
 62      293.894
 63      290.798
 64      287.674
 65      284.524
 66      281.347
 67      278.146
 68      274.921
 69      271.674
 70      268.404
 71      265.114
 72      261.803
 73      258.474
 74      255.127
 75      251.764
 76      248.384
 77      244.990
 78      241.582
 79      238.162
 80      234.730
 81      231.287
 82      227.835
 83      224.374
 84      220.906
 85      217.431
 86      213.951
 87      210.467
 88      206.980
 89      203.490
 90      200.000
 91      196.510
 92      193.020
 93      189.533
 94      186.049
 95      182.569
 96      179.094
 97      175.626
 98      172.165
 99      168.713
100      165.270
101      161.838
102      158.418
103      155.010
104      151.616
105      148.236
106      144.873
107      141.526
108      138.197
109      134.886
110      131.596
111      128.326
112      125.079
113      121.854
114      118.653
115      115.476
116      112.326
117      109.202
118      106.106
119      103.038
120      100.000
121      96.992
122      94.016
123      91.072
124      88.161
125      85.285
126      82.443
127      79.637
128      76.868
129      74.136
130      71.442
131      68.788
132      66.174
133      63.600
134      61.068
135      58.579
136      56.132
137      53.729
138      51.371
139      49.058
140      46.791
141      44.571
142      42.398
143      40.273
144      38.197
145      36.170
146      34.192
147      32.266
148      30.390
149      28.567
150      26.795
151      25.076
152      23.410
153      21.799
154      20.241
155      18.738
156      17.291
157      15.899
158      14.563
159      13.284
160      12.061
161      10.896
162      9.789
163      8.739
164      7.748
165      6.815
166      5.941
167      5.126
168      4.370
169      3.675
170      3.038
171      2.462
172      1.946
173      1.491
174      1.096
175      0.761
176      0.487
177      0.274
178      0.122
179      0.030
180      0.000
181      0.030
182      0.122
183      0.274
184      0.487
185      0.761
186      1.096
187      1.491
188      1.946
189      2.462
190      3.038
191      3.675
192      4.370
193      5.126
194      5.941
195      6.815
196      7.748
197      8.739
198      9.789
199      10.896
200      12.061
201      13.284
202      14.563
203      15.899
204      17.291
205      18.738
206      20.241
207      21.799
208      23.410
209      25.076
210      26.795
211      28.567
212      30.390
213      32.266
214      34.192
215      36.170
216      38.197
217      40.273
218      42.398
219      44.571
220      46.791
221      49.058
222      51.371
223      53.729
224      56.132
225      58.579
226      61.068
227      63.600
228      66.174
229      68.788
230      71.442
231      74.136
232      76.868
233      79.637
234      82.443
235      85.285
236      88.161
237      91.072
238      94.016
239      96.992
240      100.000
241      103.038
242      106.106
243      109.202
244      112.326
245      115.476
246      118.653
247      121.854
248      125.079
249      128.326
250      131.596
251      134.886
252      138.197
253      141.526
254      144.873
255      148.236
256      151.616
257      155.010
258      158.418
259      161.838
260      165.270
261      168.713
262      172.165
263      175.626
264      179.094
265      182.569
266      186.049
267      189.533
268      193.020
269      196.510
270      200.000
271      203.490
272      206.980
273      210.467
274      213.951
275      217.431
276      220.906
277      224.374
278      227.835
279      231.287
280      234.730
281      238.162
282      241.582
283      244.990
284      248.384
285      251.764
286      255.127
287      258.474
288      261.803
289      265.114
290      268.404
291      271.674
292      274.921
293      278.146
294      281.347
295      284.524
296      287.674
297      290.798
298      293.894
299      296.962
300      300.000
301      303.008
302      305.984
303      308.928
304      311.839
305      314.715
306      317.557
307      320.363
308      323.132
309      325.864
310      328.558
311      331.212
312      333.826
313      336.400
314      338.932
315      341.421
316      343.868
317      346.271
318      348.629
319      350.942
320      353.209
321      355.429
322      357.602
323      359.727
324      361.803
325      363.830
326      365.808
327      367.734
328      369.610
329      371.433
330      373.205
331      374.924
332      376.590
333      378.201
334      379.759
335      381.262
336      382.709
337      384.101
338      385.437
339      386.716
340      387.939
341      389.104
342      390.211
343      391.261
344      392.252
345      393.185
346      394.059
347      394.874
348      395.630
349      396.325
350      396.962
351      397.538
352      398.054
353      398.509
354      398.904
355      399.239
356      399.513
357      399.726
358      399.878
359      399.970
360      400.000
361      399.970
362      399.878
363      399.726
364      399.513
365      399.239
366      398.904
367      398.509
368      398.054
369      397.538
370      396.962
371      396.325
372      395.630
373      394.874
374      394.059
375      393.185
376      392.252
377      391.261
378      390.211
379      389.104
380      387.939
381      386.716
382      385.437
383      384.101
384      382.709
385      381.262
386      379.759
387      378.201
388      376.590
389      374.924
390      373.205
391      371.433
392      369.610
393      367.734
394      365.808
395      363.830
396      361.803
397      359.727
398      357.602
399      355.429
400      353.209
401      350.942
402      348.629
403      346.271
404      343.868
405      341.421
406      338.932
407      336.400
408      333.826
409      331.212
410      328.558
411      325.864
412      323.132
413      320.363
414      317.557
415      314.715
416      311.839
417      308.928
418      305.984
419      303.008
420      300.000
421      296.962
422      293.894
423      290.798
424      287.674
425      284.524
426      281.347
427      278.146
428      274.921
429      271.674
430      268.404
431      265.114
432      261.803
433      258.474
434      255.127
435      251.764
436      248.384
437      244.990
438      241.582
439      238.162
440      234.730
441      231.287
442      227.835
443      224.374
444      220.906
445      217.431
446      213.951
447      210.467
448      206.980
449      203.490
450      200.000
451      196.510
452      193.020
453      189.533
454      186.049
455      182.569
456      179.094
457      175.626
458      172.165
459      168.713
460      165.270
461      161.838
462      158.418
463      155.010
464      151.616
465      148.236
466      144.873
467      141.526
468      138.197
469      134.886
470      131.596
471      128.326
472      125.079
473      121.854
474      118.653
475      115.476
476      112.326
477      109.202
478      106.106
479      103.038
480      100.000
481      96.992
482      94.016
483      91.072
484      88.161
485      85.285
486      82.443
487      79.637
488      76.868
489      74.136
490      71.442
491      68.788
492      66.174
493      63.600
494      61.068
495      58.579
496      56.132
497      53.729
498      51.371
499      49.058
500      46.791
501      44.571
502      42.398
503      40.273
504      38.197
505      36.170
506      34.192
507      32.266
508      30.390
509      28.567
510      26.795
511      25.076
512      23.410
513      21.799
514      20.241
515      18.738
516      17.291
517      15.899
518      14.563
519      13.284
520      12.061
521      10.896
522      9.789
523      8.739
524      7.748
525      6.815
526      5.941
527      5.126
528      4.370
529      3.675
530      3.038
531      2.462
532      1.946
533      1.491
534      1.096
535      0.761
536      0.487
537      0.274
538      0.122
539      0.030
540      0.000
541      0.030
542      0.122
543      0.274
544      0.487
545      0.761
546      1.096
547      1.491
548      1.946
549      2.462
550      3.038
551      3.675
552      4.370
553      5.126
554      5.941
555      6.815
556      7.748
557      8.739
558      9.789
559      10.896
560      12.061
561      13.284
562      14.563
563      15.899
564      17.291
565      18.738
566      20.241
567      21.799
568      23.410
569      25.076
570      26.795
571      28.567
572      30.390
573      32.266
574      34.192
575      36.170
576      38.197
577      40.273
578      42.398
579      44.571
580      46.791
581      49.058
582      51.371
583      53.729
584      56.132
585      58.579
586      61.068
587      63.600
588      66.174
589      68.788
590      71.442
591      74.136
592      76.868
593      79.637
594      82.443
595      85.285
596      88.161
597      91.072
598      94.016
599      96.992
600      100.000
601      103.038
602      106.106
603      109.202
604      112.326
605      115.476
606      118.653
607      121.854
608      125.079
609      128.326
610      131.596
611      134.886
612      138.197
613      141.526
614      144.873
615      148.236
616      151.616
617      155.010
618      158.418
619      161.838
620      165.270
621      168.713
622      172.165
623      175.626
624      179.094
625      182.569
626      186.049
627      189.533
628      193.020
629      196.510
630      200.000
631      203.490
632      206.980
633      210.467
634      213.951
635      217.431
636      220.906
637      224.374
638      227.835
639      231.287
640      234.730
641      238.162
642      241.582
643      244.990
644      248.384
645      251.764
646      255.127
647      258.474
648      261.803
649      265.114
650      268.404
651      271.674
652      274.921
653      278.146
654      281.347
655      284.524
656      287.674
657      290.798
658      293.894
659      296.962
660      300.000
661      303.008
662      305.984
663      308.928
664      311.839
665      314.715
666      317.557
667      320.363
668      323.132
669      325.864
670      328.558
671      331.212
672      333.826
673      336.400
674      338.932
675      341.421
676      343.868
677      346.271
678      348.629
679      350.942
680      353.209
681      355.429
682      357.602
683      359.727
684      361.803
685      363.830
686      365.808
687      367.734
688      369.610
689      371.433
690      373.205
691      374.924
692      376.590
693      378.201
694      379.759
695      381.262
696      382.709
697      384.101
698      385.437
699      386.716
700      387.939
701      389.104
702      390.211
703      391.261
704      392.252
705      393.185
706      394.059
707      394.874
708      395.630
709      396.325
710      396.962
711      397.538
712      398.054
713      398.509
714      398.904
715      399.239
716      399.513
717      399.726
718      399.878
719      399.970